1.03094407605   2.67303168147   1
2.4284503555   1.60999683247   1
2.75151030038   1.74337350135   1
-2.85630898199   -2.92445055866   0
-2.92751486672   -3.37270749449   0
-1.64641406389   -1.6084916359   0
2.06565164283   3.08451015402   1
3.62215409865   3.19222374656   1
2.28586248231   3.37450607501   1
3.59305272608   2.06655642123   1
-2.26542646093   -0.357057075458   0
-3.31156467228   -2.35178321585   0
-3.19911850828   -1.38760956544   0
-1.74280109085   -2.02389647327   0
-1.36769947147   -3.22273914435   0
-3.0656610281   -3.20863623473   0
3.04604598056   3.77026262617   1
2.80564459739   2.81378665246   1
-2.99861883884   -3.92146002694   0
-4.96905592395   -3.32696831853   0
-2.56206864832   -3.09078295807   0
3.12849965165   4.44885659234   1
-2.89040528765   -2.78452092804   0
-4.12332680055   -3.66403546958   0
2.84435490358   3.55085005631   1
3.11737177774   3.00805617538   1
-2.46453174998   -1.83385951363   0
-1.65862592966   -0.468643156577   0
3.71381615769   1.79918652058   1
-3.88456725814   -3.36755661469   0
1.15945146008   3.40504117305   1
-4.37476523939   -2.99036878354   0
-2.18031710474   -1.65350522155   0
-0.527489025331   -3.14685658718   0
-2.51547433557   -4.00183661189   0
3.75941063619   3.44250446   1
3.08444546679   5.4862477951   1
-2.49809804413   -2.82968378277   0
2.62164142963   2.2083847285   1
-2.45716885828   -3.16888331865   0
3.8448242467   3.61303273091   1
-3.97525218514   -3.52277679148   0
0.92139052612   2.67729690556   1
-5.2964915742   -0.590165696658   0
2.11543274186   2.63244338531   1
-2.62456675277   -2.08020923033   0
2.01880391722   2.46783984917   1
-4.12177333027   -2.04005683334   0
-2.43731320041   -3.99333803728   0
2.6111983855   1.443464213   1
-2.96873568631   -2.81807041197   0
-1.55747586832   -3.22148061093   0
-3.55347109858   -3.72268942125   0
2.82575178636   3.42405142103   1
3.56268679959   2.00666196272   1
2.22216049798   5.58088511562   1
-3.76131549583   -1.57288317325   0
1.19161513847   2.81033727315   1
3.43793135168   2.90921704193   1
3.29984818158   3.94615567194   1
-4.53423629778   -2.89469591707   0
4.29784313285   2.93268995432   1
4.01411068057   5.22260126852   1
2.44652890142   2.27731057875   1
-3.07224211883   -3.46884766741   0
-4.36012739238   -4.13737330199   0
5.48547171408   3.14690964025   1
1.63212550028   2.91926378206   1
-4.18342714733   -1.08363638946   0
1.1302006414   1.22088696386   1
-2.91555453321   -0.513752204901   0
-3.04476424733   -3.69245304408   0
-2.86606085406   -3.38118939122   0
-5.41450345718   -2.29180335557   0
-1.47524652326   -2.63946415149   0
-3.50917076996   -3.77781331835   0
-2.57092991225   -4.1512656159   0
-3.61089302248   -2.0697539666   0
3.26145781908   0.491828523802   1
-3.28426273087   -3.05159333543   0
2.49917999265   3.76334127853   1
3.73561886894   2.94409110061   1
-3.1434450471   -2.54539759694   0
-3.06292872987   -3.54156845999   0
2.8565549529   3.45460240306   1
3.02482504315   4.63811030094   1
3.07399013301   0.653216937238   1
2.03660115597   2.64972328457   1
2.6335820668   1.16271819294   1
2.71573726913   2.94840666457   1
-3.77783950202   -0.419114884379   0
3.16168310875   2.32716607293   1
3.56581700298   2.00947971949   1
2.49909060943   2.59143904089   1
3.76325951685   4.47687992981   1
4.63230052853   2.77726085565   1
-3.57629900165   -3.76447032604   0
5.54508721742   4.15008127735   1
1.81018431262   2.35105055982   1
-2.64348698476   -3.9521605953   0
-3.30607449971   -2.62202611271   0
4.29036187166   2.00428343158   1
-3.98119608278   -3.53216015083   0
3.61175799191   3.65766051586   1
-2.37784590135   -2.80777625344   0
3.85386285719   3.30737870166   1
4.70202995567   4.00609370254   1
-3.41067276402   -1.04083283536   0
-0.454912782579   -1.84991872265   0
3.54040946012   2.48739737492   1
-2.14045189082   -3.23078899549   0
-2.24058936381   -2.55749554   0
-2.73854218092   -5.5081714762   0
-3.98393081455   -3.5413137909   0
-2.23674048315   -1.52312007019   0
2.68843532772   3.64821678415   1
2.34311244001   4.51322804646   1
0.313879219406   2.97975934322   1
3.00138116116   2.07853997306   1
1.78958276636   3.42424151611   1
2.40767627925   2.85519643252   1
-3.50082000735   -2.23665872147   0
3.07248513328   2.62729250551   1
3.81941237058   3.66217727631   1
3.09120471662   4.09128273327   1
3.0295556782   2.92595693673   1
4.38799427579   3.15122717315   1
2.58932723598   4.95916716464   1
-0.953470719712   -2.92984850392   0
-3.86512186052   -4.98593097988   0
3.49622786609   1.66833333116   1
-4.14381329121   -3.05863584145   0
-3.0884083689   -3.84004502251   0
-3.65688755999   -1.48677195354   0
2.69392550029   3.37797388729   1
3.46336077641   2.12480154138   1
-2.66934113176   -1.77504373234   0
2.55151701245   4.12556927852   1
2.80088149172   4.61239043456   1
-2.63900627779   -3.4730220488   0
4.72383907417   2.31351575803   1
-2.85655875992   -3.34264403255   0
3.54283114172   2.83111668135   1
3.36099372221   2.5269779512   1
-3.88516840957   -3.94402646203   0
2.92665063985   2.77391483167   1
-3.96339884403   -3.35027671543   0
2.08960400288   2.47711913093   1
3.35651301524   2.0478394047   1
-2.84807221375   -2.99936511403   0
-4.52653219969   -1.86312992871   0
-1.57394199915   -2.07274928626   0
3.79482763935   3.9764210964   1
-4.30963322481   -3.66872640214   0
-2.01235404394   -2.62900886939   0
-3.22647804664   -4.88574454266   0
-1.44603280107   -2.30303424857   0
5.47251097467   2.85314341282   1
-2.89723702351   -3.40365929616   0
2.18490969327   2.47811514734   1
-3.3888016145   -4.556535787   0
3.14369101801   3.07554944134   1
-3.17424821364   -2.57594857897   0
-2.9704443218   -3.07404306327   0
2.9115916311   2.15995497749   1
1.87822666973   3.95994316666   1
-4.44032516778   -3.00786723567   0
1.85618670879   2.94136415855   1
1.62523476061   3.00963121646   1
1.47346780031   4.13687007129   1
-1.31190496288   -2.77621438118   0
-1.90377382349   -2.92589256763   0
4.52475347674   3.36053584851   1
-3.75278760995   -0.964032860886   0
-3.24763613852   -4.30536911641   0
-4.64599010482   -3.48354094997   0
-4.84054853992   -2.59495882695   0
-3.81269669238   -4.35988742249   0
1.05302969098   1.61365046776   1
2.18730330762   1.64011257751   1
4.34686857011   2.39304720264   1
-4.36787449972   -3.08073621794   0
2.34727950645   3.59175455122   1
4.34137407034   5.53135684342   1
3.36086010874   3.25545832616   1
-2.50377213391   -4.33166666884   0
-2.54449198977   -3.72617486437   0
1.56079092354   3.94892731112   1
-3.06074934924   -5.4344824266   0
3.71655668483   3.14256447183   1
-4.18981568738   -3.64894944018   0
-2.95395401944   -2.22973737383   0
-2.82295965472   -4.13414072211   0
-4.11411887151   -1.50677988901   0
4.42605800085   3.92725071374   1
-1.85210232546   -1.93406360995   0
-4.4449152039   -2.42496427018   0
3.50190195587   3.17031621723   1
3.09617156862   4.87681542028   1
2.93925065076   0.565517573403   1
-1.06505725572   -4.27489226681   0
1.50605167758   4.50269297308   1
3.10276297649   2.59634070384   1
-2.90879528338   -1.90871726673   0
-2.28344331517   -2.85743552817   0
-3.93434835717   -2.91548984598   0
-3.65272049355   -2.40824544878   0
-1.27616092583   -3.68648424197   0
1.35400989518   2.51645905003   1
-3.59232372075   -3.14480356748   0
-1.65313142989   -3.60695279736   0
1.72541157582   1.82705628513   1
2.01606918545   2.4586862091   1
-2.97517495685   -1.36188969906   0
-3.06276836475   -2.83200960623   0
-2.18058762942   -2.33782272369   0
3.10959471235   3.21547907196   1
-2.88262822226   -2.99194382462   0
-2.46621941559   -2.20163995898   0
-2.20517236065   -2.0235789036   0
3.53546825002   4.16614048637   1
-2.83831689125   -3.67283392707   0
3.48452566443   1.99816338811   1
-5.1842303203   -2.20108940256   0
1.81657285267   4.91636361054   1
1.87667319945   2.33596453042   1
-3.8392457181   -2.71724032008   0
4.68809503712   3.22378561882   1
-3.57863054177   -3.90804302775   0
2.32999724059   3.770305017   1
3.15192778625   3.00063488597   1
-2.52548158212   -4.16459117212   0
2.81866189966   1.2501847387   1
3.13393914594   2.61881060878   1
2.50564016283   3.18815490478   1
-4.21041723364   -2.57575848389   0
-3.05312210196   -2.64605488458   0
2.18853884743   1.35674907112   1
2.67974098932   1.80544726114   1
1.73572937244   2.59816422282   1
1.46576370222   3.10530408293   1
1.05709928412   3.97874179537   1
-0.134919767621   4.13953350029   1
2.93723163525   3.16799039377   1
3.03126431369   3.18192958803   1
0.815769679697   3.79891059744   1
2.42370099835   2.23552967396   1
2.9343389719   2.79136376527   1
4.55396719893   3.69696575143   1
-3.81146115257   -4.64325092888   0
-6.13491976762   -1.86046649971   0
-2.27954109658   -1.78052090483   0
-2.92600986699   -5.34678306276   0
-3.32025901068   -4.19455273886   0
-3.06543890582   -1.94738888607   0
-3.49435983717   -2.81184509522   0
4.72783616858   5.20455628456   1
-2.1551757533   -2.38696726909   0
4.93494274428   1.72510773319   1
-3.3664179332   -4.83728180706   0
4.25719890915   3.97610352673   1
-2.8843508023   -1.6695693777   0
-2.14613714281   -2.69262129834   0
2.66901326963   3.47264137936   1
-3.91039599712   -3.52288086907   0
-2.46259295368   -2.83692936253   0
-4.26427062756   -3.40183577718   0
2.94687789804   3.35394511542   1
3.47451841788   1.83540882788   1
-3.51056346403   -3.17156714334   0
-0.51452828592   -2.85309035975   0
0.703508425798   5.40983430334   1
3.33065886824   4.22495626766   1
-4.94697030902   -4.38634953224   0
2.1607542819   3.28275967992   1
-3.19435540261   -3.18621334754   0
-5.39521314035   -1.84598352409   0
4.09622617651   3.07410743237   1
2.11483159043   2.05597353797   1
4.03190655486   2.75066529577   1
1.55967483222   2.99213276433   1
-2.26438113106   -3.05590889939   0
1.63987260762   1.86262669801   1
3.74130414363   4.05448094552   1
2.92775788117   2.53115233259   1
2.23868450417   4.42711682675   1
-1.79130889288   -3.90733989715   0
-1.668566626   -3.82757804701   0
3.25501455667   2.3155712387   1
3.14344124008   2.65735596745   1
2.24721239005   5.03596713911   1
-2.87223710271   -4.3510177598   0
2.75236386148   1.69463088359   1
-2.63913989126   -2.74454167384   0
3.98764595606   3.37099113061   1
1.7049855953   2.36675295309   1
-4.8697993586   -4.77911303614   0
-3.24848969962   -4.25662649865   0
3.1156491977   4.3304306223   1
-2.28618384231   -4.20081347942   0
3.53740704632   3.16307063747   1
-3.5715496445   -4.39000316753   0
3.09974579926   2.95361983365   1
-2.43418299702   -3.99052028051   0
-4.94290071588   -2.02125820463   0
3.72045890342   4.21947909517   1
-5.1905704881   -3.43607206479   0
3.81968289526   4.34649477845   1
4.13340921019   1.95577563733   1
1.69036677519   2.33127359786   1
3.13329902583   3.69821017773   1
-2.38824200809   -2.34233948414   0
5.20627947611   2.96730572192   1
3.17704034528   1.86585927789   1
-3.0222182077   -0.93406372084   0
-1.86659078981   -4.04422436267   0
-4.27458842418   -4.17294371487   0
-4.49394832242   -1.49730702692   0
4.35358593611   4.3915083641   1
2.46272895759   1.52343408075   1
-1.98588931943   -0.777398731476   0
3.85954810918   2.76921100451   1
-3.37835857037   -3.7916152715   0
3.37543324723   3.91979076967   1
-2.25869585637   -1.94551905448   0
-5.07860947388   -3.32270309444   0
-3.448209173   -3.11437262174   0
-2.90382843138   -1.12318457972   0
-1.29797004433   -1.99390629746   0
-2.86670097417   -2.30178982227   0
-2.53663922359   -3.87519845862   0
4.29113311576   2.75849822589   1
2.02474781486   2.47722320852   1
-3.53727104241   -4.47656591925   0
-1.70886688424   -3.24150177411   0
0.809429511903   2.56392793521   1
-5.68612078059   -3.02024065678   0
-3.15564509642   -2.44914994369   0
2.68154515189   3.15812609849   1
-3.81509030673   -3.52188485266   0
2.77352195336   1.11425545734   1
-4.2950144047   -3.63324704691   0
-3.71413751769   -2.62549392499   0
-0.793720523886   -3.03269427808   0
-2.87150034835   -1.55114340766   0
2.551790827   2.88562737826   1
4.4744360939   2.03640363568   1
2.7983844887   3.49964510679   1
2.42136945823   2.09195697225   1
-3.18133810034   -4.7498152613   0